              precision    recall  f1-score   support

           A       1.00      1.00      1.00       309
           B       1.00      1.00      1.00        57
           C       1.00      1.00      1.00        33
           D       1.00      1.00      1.00        40
           E       1.00      0.99      0.99        85
           F       1.00      1.00      1.00        20
           G       1.00      1.00      1.00        15
           H       1.00      1.00      1.00         9
           I       1.00      1.00      1.00        25
           J       1.00      1.00      1.00         7

    accuracy                           1.00       600
   macro avg       1.00      1.00      1.00       600
weighted avg       1.00      1.00      1.00       600
